0 0.5964506172839507 0.8486570247933884 0.5694444444444444 0.8125 0.5551697530864198 0.8161157024793388 0.5200617283950617 0.793904958677686 0.48842592592592593 0.800103305785124 0.4409722222222222 0.8450413223140496 0.4359567901234568 0.9085743801652892 0.4652777777777778 0.9514462809917356 0.5158179012345679 0.9535123966942148 0.5578703703703703 0.949896694214876 0.6003086419753086 0.8863636363636364
0 0.6882716049382716 0.6916322314049587 0.7214506172839507 0.7763429752066116 0.7376543209876543 0.7861570247933884 0.7692901234567902 0.7861570247933884 0.8074845679012346 0.7639462809917356 0.8159722222222222 0.734504132231405 0.8152006172839507 0.7303719008264463 0.8043981481481481 0.7055785123966942 0.7476851851851852 0.675103305785124 0.7430555555555556 0.6818181818181818 0.7017746913580247 0.6766528925619835
0 0.7407407407407407 0.506198347107438 0.7588734567901234 0.5402892561983471 0.8067129629629629 0.5521694214876033 0.8792438271604939 0.5609504132231405 0.9139660493827161 0.5609504132231405 0.9266975308641975 0.5423553719008265 0.904320987654321 0.5201446280991735 0.8722993827160493 0.4989669421487603 0.8016975308641975 0.4922520661157025 0.7596450617283951 0.49586776859504134
0 0.30362654320987653 0.5175619834710744 0.30362654320987653 0.5268595041322314 0.3125 0.5387396694214877 0.3229166666666667 0.5490702479338843 0.3395061728395062 0.5557851239669421 0.3653549382716049 0.5573347107438017 0.3699845679012346 0.5557851239669421 0.3854166666666667 0.5247933884297521 0.3854166666666667 0.5160123966942148 0.38155864197530864 0.5041322314049587 0.3560956790123457 0.4922520661157025 0.3425925925925926 0.48915289256198347 0.3395061728395062 0.48915289256198347 0.3128858024691358 0.5005165289256198
0 0.4618055555555556 0.45454545454545453 0.46296296296296297 0.46797520661157027 0.4834104938271605 0.48863636363636365 0.5123456790123457 0.5020661157024794 0.5698302469135802 0.49586776859504134 0.5721450617283951 0.49483471074380164 0.5740740740740741 0.47985537190082644 0.5223765432098766 0.44266528925619836 0.49614197530864196 0.440599173553719
0 0.783179012345679 0.41115702479338845 0.7959104938271605 0.42665289256198347 0.8333333333333334 0.43336776859504134 0.8491512345679012 0.43336776859504134 0.8688271604938271 0.42665289256198347 0.8638117283950617 0.4132231404958678 0.8595679012345679 0.4132231404958678 0.8348765432098766 0.4059917355371901 0.7997685185185185 0.40289256198347106 0.7908950617283951 0.4044421487603306
0 0.4359567901234568 0.36673553719008267 0.4367283950617284 0.37138429752066116 0.4375 0.3734504132231405 0.45601851851851855 0.38171487603305787 0.48842592592592593 0.38171487603305787 0.4880401234567901 0.381198347107438 0.4880401234567901 0.37861570247933884 0.4876543209876543 0.378099173553719 0.4876543209876543 0.3755165289256198 0.48726851851851855 0.375 0.48726851851851855 0.37241735537190085 0.4868827160493827 0.371900826446281 0.4868827160493827 0.3693181818181818 0.48649691358024694 0.368801652892562 0.48649691358024694 0.3662190082644628 0.4861111111111111 0.365702479338843 0.48572530864197533 0.3615702479338843 0.47723765432098764 0.35485537190082644 0.4471450617283951 0.35485537190082644
0 0.6442901234567902 0.2856404958677686 0.6496913580246914 0.3047520661157025 0.6616512345679012 0.31611570247933884 0.6824845679012346 0.3300619834710744 0.7534722222222222 0.3455578512396694 0.7596450617283951 0.3440082644628099 0.7557870370370371 0.3285123966942149 0.7337962962962963 0.3130165289256198 0.7071759259259259 0.3006198347107438 0.6736111111111112 0.28770661157024796
0 0.3861882716049383 0.29080578512396693 0.41396604938271603 0.2975206611570248 0.42939814814814814 0.2990702479338843 0.4564043209876543 0.2990702479338843 0.4714506172839506 0.2887396694214876 0.4637345679012346 0.28202479338842973 0.45717592592592593 0.2815082644628099 0.44367283950617287 0.27892561983471076 0.39969135802469136 0.27892561983471076
0 0.32098765432098764 0.20299586776859505 0.32060185185185186 0.20351239669421486 0.3128858024691358 0.2040289256198347 0.3125 0.20454545454545456 0.3090277777777778 0.20454545454545456 0.30864197530864196 0.20506198347107438 0.2716049382716049 0.20506198347107438 0.2619598765432099 0.21022727272727273 0.25578703703703703 0.21487603305785125 0.25887345679012347 0.21539256198347106 0.2658179012345679 0.21797520661157024 0.2673611111111111 0.21797520661157024 0.2827932098765432 0.2231404958677686 0.28858024691358025 0.2231404958677686 0.28896604938271603 0.22262396694214875 0.30246913580246915 0.2215909090909091 0.310570987654321 0.21797520661157024 0.31712962962962965 0.2159090909090909 0.31983024691358025 0.2143595041322314 0.3236882716049383 0.21332644628099173
0 0.32407407407407407 0.16322314049586778 0.3263888888888889 0.17510330578512398 0.36574074074074076 0.18543388429752067 0.3854166666666667 0.18388429752066116 0.4174382716049383 0.17355371900826447 0.4417438271604938 0.17355371900826447 0.4575617283950617 0.17665289256198347 0.4880401234567901 0.1875 0.5146604938271605 0.190599173553719 0.5385802469135802 0.18698347107438015 0.5370370370370371 0.17355371900826447 0.5254629629629629 0.1683884297520661 0.48919753086419754 0.16167355371900827 0.46064814814814814 0.15857438016528927 0.40239197530864196 0.15857438016528927 0.38078703703703703 0.15495867768595042 0.35108024691358025 0.1534090909090909 0.33641975308641975 0.15495867768595042
